SOURCES 4A Calculation
<<<<<<<<<<<>>>>>>>>>>>



                       Absolute Neutron Source Spectra
                       ~~~~~~~~~~~~~~~~~~~~~~~~~~~~~~~

Title: Th (10ppb) Titanium (1.00 g/cm**3)                                           

 Neutron Multigroup Structure (MeV)
 1.000E+01 9.900E+00 9.800E+00 9.700E+00 9.600E+00 9.500E+00 9.400E+00 9.300E+00
 9.200E+00 9.100E+00 9.000E+00 8.900E+00 8.800E+00 8.700E+00 8.600E+00 8.500E+00
 8.400E+00 8.300E+00 8.200E+00 8.100E+00 8.000E+00 7.900E+00 7.800E+00 7.700E+00
 7.600E+00 7.500E+00 7.400E+00 7.300E+00 7.200E+00 7.100E+00 7.000E+00 6.900E+00
 6.800E+00 6.700E+00 6.600E+00 6.500E+00 6.400E+00 6.300E+00 6.200E+00 6.100E+00
 6.000E+00 5.900E+00 5.800E+00 5.700E+00 5.600E+00 5.500E+00 5.400E+00 5.300E+00
 5.200E+00 5.100E+00 5.000E+00 4.900E+00 4.800E+00 4.700E+00 4.600E+00 4.500E+00
 4.400E+00 4.300E+00 4.200E+00 4.100E+00 4.000E+00 3.900E+00 3.800E+00 3.700E+00
 3.600E+00 3.500E+00 3.400E+00 3.300E+00 3.200E+00 3.100E+00 3.000E+00 2.900E+00
 2.800E+00 2.700E+00 2.600E+00 2.500E+00 2.400E+00 2.300E+00 2.200E+00 2.100E+00
 2.000E+00 1.900E+00 1.800E+00 1.700E+00 1.600E+00 1.500E+00 1.400E+00 1.300E+00
 1.200E+00 1.100E+00 1.000E+00 9.000E-01 8.000E-01 7.000E-01 6.000E-01 5.000E-01
 4.000E-01 3.000E-01 2.000E-01 1.000E-01 0.000E+00

--------------------------------------------------------------------------------


 (a,n) neutrons/sec-cc from  1.69398E-01 at/cc bi212  alphas on ti 46  in target
 0.000E+00 0.000E+00 0.000E+00 0.000E+00 0.000E+00 0.000E+00 0.000E+00 0.000E+00
 0.000E+00 0.000E+00 0.000E+00 0.000E+00 0.000E+00 0.000E+00 0.000E+00 0.000E+00
 0.000E+00 0.000E+00 0.000E+00 0.000E+00 0.000E+00 0.000E+00 0.000E+00 0.000E+00
 0.000E+00 0.000E+00 0.000E+00 0.000E+00 0.000E+00 0.000E+00 0.000E+00 0.000E+00
 0.000E+00 0.000E+00 0.000E+00 0.000E+00 0.000E+00 0.000E+00 0.000E+00 0.000E+00
 0.000E+00 0.000E+00 0.000E+00 0.000E+00 0.000E+00 0.000E+00 0.000E+00 0.000E+00
 0.000E+00 2.907E-20 7.416E-19 1.767E-18 2.918E-18 5.009E-18 7.370E-18 9.784E-18
 1.238E-17 1.503E-17 1.771E-17 2.039E-17 2.284E-17 2.479E-17 2.705E-17 2.833E-17
 2.903E-17 2.966E-17 3.032E-17 3.128E-17 3.296E-17 3.510E-17 3.715E-17 3.927E-17
 4.165E-17 4.416E-17 4.687E-17 4.976E-17 5.361E-17 5.771E-17 6.217E-17 6.592E-17
 7.003E-17 7.391E-17 7.752E-17 7.939E-17 8.012E-17 8.027E-17 1.000E-16 3.642E-16
 6.883E-16 9.765E-16 1.406E-15 1.560E-15 1.513E-15 1.380E-15 1.031E-15 7.380E-16
 5.103E-16 3.342E-16 2.135E-16 2.548E-16
                                   Total (all groups):  1.241E-14 neutrons/sec-cm**3   .
                               Average Neutron Energy:  9.435E-01 MeV.


 (a,n) neutrons/sec-cc from  8.93066E-12 at/cc po212  alphas on ti 46  in target
 0.000E+00 0.000E+00 0.000E+00 0.000E+00 0.000E+00 0.000E+00 0.000E+00 0.000E+00
 0.000E+00 0.000E+00 0.000E+00 0.000E+00 0.000E+00 0.000E+00 0.000E+00 0.000E+00
 0.000E+00 0.000E+00 0.000E+00 0.000E+00 0.000E+00 0.000E+00 0.000E+00 0.000E+00
 0.000E+00 0.000E+00 0.000E+00 0.000E+00 0.000E+00 0.000E+00 0.000E+00 0.000E+00
 0.000E+00 0.000E+00 0.000E+00 0.000E+00 0.000E+00 0.000E+00 0.000E+00 0.000E+00
 0.000E+00 0.000E+00 0.000E+00 0.000E+00 0.000E+00 0.000E+00 0.000E+00 0.000E+00
 0.000E+00 0.000E+00 0.000E+00 0.000E+00 0.000E+00 0.000E+00 0.000E+00 0.000E+00
 0.000E+00 0.000E+00 0.000E+00 1.920E-16 4.685E-15 1.095E-14 1.769E-14 2.860E-14
 4.030E-14 5.177E-14 6.299E-14 7.400E-14 8.444E-14 8.932E-14 9.212E-14 9.404E-14
 9.320E-14 8.963E-14 8.585E-14 8.372E-14 8.290E-14 8.338E-14 8.818E-14 9.368E-14
 1.014E-13 1.120E-13 1.222E-13 1.346E-13 1.448E-13 1.475E-13 1.550E-13 1.634E-13
 1.741E-13 1.794E-13 1.834E-13 1.810E-13 1.688E-13 1.494E-13 1.324E-13 1.194E-13
 1.080E-13 9.614E-14 7.301E-14 4.068E-14
                                   Total (all groups):  4.038E-12 neutrons/sec-cm**3   .
                               Average Neutron Energy:  1.634E+00 MeV.


 (a,n) neutrons/sec-cc from  6.76088E-06 at/cc po216  alphas on ti 46  in target
 0.000E+00 0.000E+00 0.000E+00 0.000E+00 0.000E+00 0.000E+00 0.000E+00 0.000E+00
 0.000E+00 0.000E+00 0.000E+00 0.000E+00 0.000E+00 0.000E+00 0.000E+00 0.000E+00
 0.000E+00 0.000E+00 0.000E+00 0.000E+00 0.000E+00 0.000E+00 0.000E+00 0.000E+00
 0.000E+00 0.000E+00 0.000E+00 0.000E+00 0.000E+00 0.000E+00 0.000E+00 0.000E+00
 0.000E+00 0.000E+00 0.000E+00 0.000E+00 0.000E+00 0.000E+00 0.000E+00 0.000E+00
 0.000E+00 0.000E+00 0.000E+00 0.000E+00 0.000E+00 0.000E+00 0.000E+00 0.000E+00
 0.000E+00 0.000E+00 0.000E+00 0.000E+00 0.000E+00 0.000E+00 0.000E+00 0.000E+00
 0.000E+00 0.000E+00 0.000E+00 0.000E+00 0.000E+00 0.000E+00 0.000E+00 0.000E+00
 0.000E+00 0.000E+00 0.000E+00 0.000E+00 0.000E+00 0.000E+00 0.000E+00 0.000E+00
 0.000E+00 0.000E+00 0.000E+00 0.000E+00 0.000E+00 0.000E+00 0.000E+00 2.881E-16
 2.871E-15 5.575E-15 8.289E-15 1.240E-14 1.619E-14 1.788E-14 1.724E-14 1.640E-14
 1.356E-14 1.081E-14 8.473E-15 6.825E-15 6.065E-15 5.546E-15 5.172E-15 4.150E-15
 3.152E-15 2.747E-15 3.321E-15 9.955E-15
                                   Total (all groups):  1.769E-13 neutrons/sec-cm**3   .
                               Average Neutron Energy:  1.145E+00 MeV.


 (a,n) neutrons/sec-cc from  2.59246E-03 at/cc rn220  alphas on ti 46  in target
 0.000E+00 0.000E+00 0.000E+00 0.000E+00 0.000E+00 0.000E+00 0.000E+00 0.000E+00
 0.000E+00 0.000E+00 0.000E+00 0.000E+00 0.000E+00 0.000E+00 0.000E+00 0.000E+00
 0.000E+00 0.000E+00 0.000E+00 0.000E+00 0.000E+00 0.000E+00 0.000E+00 0.000E+00
 0.000E+00 0.000E+00 0.000E+00 0.000E+00 0.000E+00 0.000E+00 0.000E+00 0.000E+00
 0.000E+00 0.000E+00 0.000E+00 0.000E+00 0.000E+00 0.000E+00 0.000E+00 0.000E+00
 0.000E+00 0.000E+00 0.000E+00 0.000E+00 0.000E+00 0.000E+00 0.000E+00 0.000E+00
 0.000E+00 0.000E+00 0.000E+00 0.000E+00 0.000E+00 0.000E+00 0.000E+00 0.000E+00
 0.000E+00 0.000E+00 0.000E+00 0.000E+00 0.000E+00 0.000E+00 0.000E+00 0.000E+00
 0.000E+00 0.000E+00 0.000E+00 0.000E+00 0.000E+00 0.000E+00 0.000E+00 0.000E+00
 0.000E+00 0.000E+00 0.000E+00 0.000E+00 0.000E+00 0.000E+00 0.000E+00 0.000E+00
 0.000E+00 0.000E+00 0.000E+00 0.000E+00 2.243E-16 1.593E-15 2.921E-15 4.268E-15
 6.291E-15 7.226E-15 6.951E-15 6.562E-15 5.134E-15 3.812E-15 2.763E-15 1.935E-15
 1.422E-15 1.520E-15 1.654E-15 1.185E-15
                                   Total (all groups):  5.546E-14 neutrons/sec-cm**3   .
                               Average Neutron Energy:  8.805E-01 MeV.


 (a,n) neutrons/sec-cc from  1.46317E+01 at/cc ra224  alphas on ti 46  in target
 0.000E+00 0.000E+00 0.000E+00 0.000E+00 0.000E+00 0.000E+00 0.000E+00 0.000E+00
 0.000E+00 0.000E+00 0.000E+00 0.000E+00 0.000E+00 0.000E+00 0.000E+00 0.000E+00
 0.000E+00 0.000E+00 0.000E+00 0.000E+00 0.000E+00 0.000E+00 0.000E+00 0.000E+00
 0.000E+00 0.000E+00 0.000E+00 0.000E+00 0.000E+00 0.000E+00 0.000E+00 0.000E+00
 0.000E+00 0.000E+00 0.000E+00 0.000E+00 0.000E+00 0.000E+00 0.000E+00 0.000E+00
 0.000E+00 0.000E+00 0.000E+00 0.000E+00 0.000E+00 0.000E+00 0.000E+00 0.000E+00
 0.000E+00 0.000E+00 0.000E+00 0.000E+00 0.000E+00 0.000E+00 0.000E+00 0.000E+00
 0.000E+00 0.000E+00 0.000E+00 0.000E+00 0.000E+00 0.000E+00 0.000E+00 0.000E+00
 0.000E+00 0.000E+00 0.000E+00 0.000E+00 0.000E+00 0.000E+00 0.000E+00 0.000E+00
 0.000E+00 0.000E+00 0.000E+00 0.000E+00 0.000E+00 0.000E+00 0.000E+00 0.000E+00
 0.000E+00 0.000E+00 0.000E+00 0.000E+00 0.000E+00 0.000E+00 0.000E+00 0.000E+00
 0.000E+00 0.000E+00 5.243E-17 4.512E-16 8.318E-16 1.173E-15 1.375E-15 1.379E-15
 1.239E-15 8.090E-16 4.988E-16 2.578E-16
                                   Total (all groups):  8.067E-15 neutrons/sec-cm**3   .
                               Average Neutron Energy:  4.858E-01 MeV.


 (a,n) neutrons/sec-cc from  2.81276E+03 at/cc th228  alphas on ti 46  in target
 0.000E+00 0.000E+00 0.000E+00 0.000E+00 0.000E+00 0.000E+00 0.000E+00 0.000E+00
 0.000E+00 0.000E+00 0.000E+00 0.000E+00 0.000E+00 0.000E+00 0.000E+00 0.000E+00
 0.000E+00 0.000E+00 0.000E+00 0.000E+00 0.000E+00 0.000E+00 0.000E+00 0.000E+00
 0.000E+00 0.000E+00 0.000E+00 0.000E+00 0.000E+00 0.000E+00 0.000E+00 0.000E+00
 0.000E+00 0.000E+00 0.000E+00 0.000E+00 0.000E+00 0.000E+00 0.000E+00 0.000E+00
 0.000E+00 0.000E+00 0.000E+00 0.000E+00 0.000E+00 0.000E+00 0.000E+00 0.000E+00
 0.000E+00 0.000E+00 0.000E+00 0.000E+00 0.000E+00 0.000E+00 0.000E+00 0.000E+00
 0.000E+00 0.000E+00 0.000E+00 0.000E+00 0.000E+00 0.000E+00 0.000E+00 0.000E+00
 0.000E+00 0.000E+00 0.000E+00 0.000E+00 0.000E+00 0.000E+00 0.000E+00 0.000E+00
 0.000E+00 0.000E+00 0.000E+00 0.000E+00 0.000E+00 0.000E+00 0.000E+00 0.000E+00
 0.000E+00 0.000E+00 0.000E+00 0.000E+00 0.000E+00 0.000E+00 0.000E+00 0.000E+00
 0.000E+00 0.000E+00 0.000E+00 0.000E+00 0.000E+00 5.793E-17 2.457E-16 4.166E-16
 4.387E-16 4.561E-16 4.612E-16 2.591E-16
                                   Total (all groups):  2.335E-15 neutrons/sec-cm**3   .
                               Average Neutron Energy:  3.034E-01 MeV.



 Total (alpha,n) neutron spectrum this target
 0.000E+00 0.000E+00 0.000E+00 0.000E+00 0.000E+00 0.000E+00 0.000E+00 0.000E+00
 0.000E+00 0.000E+00 0.000E+00 0.000E+00 0.000E+00 0.000E+00 0.000E+00 0.000E+00
 0.000E+00 0.000E+00 0.000E+00 0.000E+00 0.000E+00 0.000E+00 0.000E+00 0.000E+00
 0.000E+00 0.000E+00 0.000E+00 0.000E+00 0.000E+00 0.000E+00 0.000E+00 0.000E+00
 0.000E+00 0.000E+00 0.000E+00 0.000E+00 0.000E+00 0.000E+00 0.000E+00 0.000E+00
 0.000E+00 0.000E+00 0.000E+00 0.000E+00 0.000E+00 0.000E+00 0.000E+00 0.000E+00
 0.000E+00 2.907E-20 7.416E-19 1.767E-18 2.918E-18 5.009E-18 7.370E-18 9.784E-18
 1.238E-17 1.503E-17 1.771E-17 2.124E-16 4.708E-15 1.097E-14 1.772E-14 2.863E-14
 4.033E-14 5.180E-14 6.303E-14 7.403E-14 8.447E-14 8.936E-14 9.215E-14 9.408E-14
 9.324E-14 8.967E-14 8.590E-14 8.377E-14 8.295E-14 8.344E-14 8.824E-14 9.403E-14
 1.044E-13 1.176E-13 1.305E-13 1.471E-13 1.613E-13 1.671E-13 1.752E-13 1.845E-13
 1.946E-13 1.984E-13 2.003E-13 1.964E-13 1.823E-13 1.614E-13 1.429E-13 1.280E-13
 1.148E-13 1.020E-13 7.916E-14 5.259E-14
                                   Total (all groups):  4.293E-12 neutrons/sec-cm**3   .
                               Average Neutron Energy:  1.600E+00 MeV.
 

--------------------------------------------------------------------------------
 


 (a,n) neutrons/sec-cc from  1.69398E-01 at/cc bi212  alphas on ti 47  in target
 0.000E+00 0.000E+00 0.000E+00 0.000E+00 0.000E+00 0.000E+00 0.000E+00 7.981E-21
 4.036E-20 7.535E-20 1.129E-19 1.561E-19 2.003E-19 2.456E-19 2.917E-19 3.747E-19
 5.737E-19 7.851E-19 1.008E-18 1.256E-18 1.508E-18 1.763E-18 1.992E-18 2.211E-18
 2.428E-18 2.640E-18 2.869E-18 3.264E-18 3.700E-18 4.046E-18 4.326E-18 4.599E-18
 4.835E-18 5.060E-18 5.270E-18 5.473E-18 5.661E-18 5.865E-18 6.161E-18 6.399E-18
 6.695E-18 7.132E-18 7.686E-18 8.685E-18 2.143E-17 4.237E-17 6.110E-17 7.807E-17
 9.377E-17 1.078E-16 1.202E-16 1.329E-16 1.943E-16 2.743E-16 3.385E-16 3.948E-16
 4.442E-16 4.868E-16 5.219E-16 5.505E-16 5.212E-16 4.368E-16 3.652E-16 3.552E-16
 4.246E-16 4.952E-16 5.625E-16 6.262E-16 6.845E-16 7.356E-16 7.453E-16 6.704E-16
 5.804E-16 4.991E-16 4.670E-16 4.864E-16 5.241E-16 6.593E-16 8.303E-16 1.040E-15
 1.162E-15 1.326E-15 1.668E-15 2.033E-15 2.496E-15 3.104E-15 3.580E-15 3.746E-15
 3.762E-15 3.521E-15 3.196E-15 2.809E-15 2.415E-15 2.041E-15 1.776E-15 1.472E-15
 1.114E-15 7.427E-16 4.188E-16 1.347E-16
                                   Total (all groups):  5.820E-14 neutrons/sec-cm**3   .
                               Average Neutron Energy:  1.714E+00 MeV.


 (a,n) neutrons/sec-cc from  8.93066E-12 at/cc po212  alphas on ti 47  in target
 0.000E+00 0.000E+00 0.000E+00 0.000E+00 0.000E+00 0.000E+00 0.000E+00 0.000E+00
 0.000E+00 0.000E+00 0.000E+00 0.000E+00 0.000E+00 0.000E+00 0.000E+00 0.000E+00
 0.000E+00 5.914E-17 2.651E-16 4.769E-16 6.901E-16 9.018E-16 1.113E-15 1.319E-15
 1.520E-15 1.982E-15 3.116E-15 4.270E-15 5.420E-15 6.552E-15 7.568E-15 8.407E-15
 9.211E-15 9.995E-15 1.075E-14 1.147E-14 1.229E-14 1.384E-14 1.467E-14 1.534E-14
 1.596E-14 1.652E-14 1.703E-14 1.750E-14 1.792E-14 1.831E-14 1.867E-14 1.916E-14
 1.915E-14 1.888E-14 1.996E-14 2.177E-14 2.444E-14 2.719E-14 3.070E-14 3.734E-14
 4.625E-14 5.822E-14 7.237E-14 8.724E-14 1.016E-13 1.162E-13 1.311E-13 1.464E-13
 1.593E-13 1.697E-13 1.776E-13 1.825E-13 1.852E-13 1.856E-13 1.836E-13 1.795E-13
 1.753E-13 2.248E-13 2.969E-13 3.615E-13 4.201E-13 4.735E-13 5.217E-13 5.661E-13
 5.478E-13 4.826E-13 4.221E-13 3.663E-13 3.155E-13 2.681E-13 2.250E-13 1.871E-13
 1.530E-13 1.237E-13 9.886E-14 7.776E-14 6.071E-14 4.551E-14 3.374E-14 2.500E-14
 1.876E-14 1.337E-14 8.845E-15 5.275E-15
                                   Total (all groups):  9.183E-12 neutrons/sec-cm**3   .
                               Average Neutron Energy:  2.455E+00 MeV.


 (a,n) neutrons/sec-cc from  6.76088E-06 at/cc po216  alphas on ti 47  in target
 0.000E+00 0.000E+00 0.000E+00 0.000E+00 0.000E+00 0.000E+00 0.000E+00 0.000E+00
 0.000E+00 0.000E+00 0.000E+00 0.000E+00 0.000E+00 0.000E+00 0.000E+00 0.000E+00
 0.000E+00 0.000E+00 0.000E+00 0.000E+00 0.000E+00 0.000E+00 0.000E+00 0.000E+00
 0.000E+00 0.000E+00 0.000E+00 0.000E+00 0.000E+00 0.000E+00 0.000E+00 0.000E+00
 0.000E+00 0.000E+00 0.000E+00 0.000E+00 6.215E-19 8.348E-17 2.124E-16 3.269E-16
 4.299E-16 5.219E-16 6.027E-16 6.735E-16 7.373E-16 1.155E-15 1.779E-15 2.218E-15
 2.574E-15 2.893E-15 3.171E-15 3.417E-15 3.633E-15 3.825E-15 3.682E-15 3.141E-15
 2.892E-15 3.129E-15 3.355E-15 3.569E-15 3.771E-15 3.952E-15 4.119E-15 4.273E-15
 4.227E-15 3.609E-15 3.033E-15 2.827E-15 2.938E-15 3.193E-15 4.170E-15 5.393E-15
 6.910E-15 8.279E-15 1.002E-14 1.317E-14 1.677E-14 2.112E-14 2.591E-14 3.079E-14
 3.532E-14 3.780E-14 3.916E-14 3.803E-14 3.620E-14 3.412E-14 3.190E-14 2.941E-14
 2.673E-14 2.347E-14 1.965E-14 1.530E-14 1.156E-14 1.353E-14 2.129E-14 2.855E-14
 2.802E-14 1.997E-14 1.321E-14 7.851E-15
                                   Total (all groups):  7.376E-13 neutrons/sec-cm**3   .
                               Average Neutron Energy:  1.748E+00 MeV.


 (a,n) neutrons/sec-cc from  2.59246E-03 at/cc rn220  alphas on ti 47  in target
 0.000E+00 0.000E+00 0.000E+00 0.000E+00 0.000E+00 0.000E+00 0.000E+00 0.000E+00
 0.000E+00 0.000E+00 0.000E+00 0.000E+00 0.000E+00 0.000E+00 0.000E+00 0.000E+00
 0.000E+00 0.000E+00 0.000E+00 0.000E+00 0.000E+00 0.000E+00 0.000E+00 0.000E+00
 0.000E+00 0.000E+00 0.000E+00 0.000E+00 0.000E+00 0.000E+00 0.000E+00 0.000E+00
 0.000E+00 0.000E+00 0.000E+00 0.000E+00 0.000E+00 0.000E+00 0.000E+00 0.000E+00
 0.000E+00 3.516E-18 6.431E-17 1.376E-16 2.016E-16 2.577E-16 3.063E-16 3.476E-16
 3.830E-16 4.269E-16 7.211E-16 1.011E-15 1.235E-15 1.433E-15 1.605E-15 1.752E-15
 1.880E-15 1.989E-15 1.924E-15 1.598E-15 1.311E-15 1.261E-15 1.434E-15 1.593E-15
 1.740E-15 1.879E-15 2.003E-15 2.115E-15 2.124E-15 1.780E-15 1.450E-15 1.172E-15
 1.159E-15 1.278E-15 1.527E-15 2.152E-15 2.925E-15 3.796E-15 4.376E-15 5.314E-15
 6.993E-15 8.617E-15 1.082E-14 1.334E-14 1.560E-14 1.661E-14 1.701E-14 1.630E-14
 1.504E-14 1.363E-14 1.207E-14 1.057E-14 9.372E-15 7.961E-15 6.336E-15 4.562E-15
 3.148E-15 2.073E-15 2.325E-15 6.306E-15
                                   Total (all groups):  2.584E-13 neutrons/sec-cm**3   .
                               Average Neutron Energy:  1.669E+00 MeV.


 (a,n) neutrons/sec-cc from  1.46317E+01 at/cc ra224  alphas on ti 47  in target
 0.000E+00 0.000E+00 0.000E+00 0.000E+00 0.000E+00 0.000E+00 0.000E+00 0.000E+00
 0.000E+00 0.000E+00 0.000E+00 0.000E+00 0.000E+00 0.000E+00 0.000E+00 0.000E+00
 0.000E+00 0.000E+00 0.000E+00 0.000E+00 0.000E+00 0.000E+00 0.000E+00 0.000E+00
 0.000E+00 0.000E+00 0.000E+00 0.000E+00 0.000E+00 0.000E+00 0.000E+00 0.000E+00
 0.000E+00 0.000E+00 0.000E+00 0.000E+00 0.000E+00 0.000E+00 0.000E+00 0.000E+00
 0.000E+00 0.000E+00 0.000E+00 0.000E+00 0.000E+00 0.000E+00 0.000E+00 2.583E-18
 2.920E-17 5.736E-17 8.116E-17 1.013E-16 1.178E-16 1.314E-16 1.426E-16 1.618E-16
 2.642E-16 3.671E-16 4.546E-16 5.298E-16 5.924E-16 6.443E-16 6.874E-16 6.590E-16
 5.265E-16 4.168E-16 3.260E-16 3.468E-16 4.371E-16 5.140E-16 5.826E-16 6.406E-16
 6.894E-16 6.933E-16 5.574E-16 4.357E-16 3.357E-16 2.607E-16 2.974E-16 3.732E-16
 4.991E-16 7.550E-16 1.054E-15 1.290E-15 1.408E-15 1.663E-15 2.092E-15 2.530E-15
 3.247E-15 3.906E-15 4.068E-15 4.032E-15 3.643E-15 3.240E-15 2.750E-15 2.227E-15
 1.759E-15 1.420E-15 9.803E-16 3.600E-16
                                   Total (all groups):  5.538E-14 neutrons/sec-cm**3   .
                               Average Neutron Energy:  1.480E+00 MeV.


 (a,n) neutrons/sec-cc from  2.81276E+03 at/cc th228  alphas on ti 47  in target
 0.000E+00 0.000E+00 0.000E+00 0.000E+00 0.000E+00 0.000E+00 0.000E+00 0.000E+00
 0.000E+00 0.000E+00 0.000E+00 0.000E+00 0.000E+00 0.000E+00 0.000E+00 0.000E+00
 0.000E+00 0.000E+00 0.000E+00 0.000E+00 0.000E+00 0.000E+00 0.000E+00 0.000E+00
 0.000E+00 0.000E+00 0.000E+00 0.000E+00 0.000E+00 0.000E+00 0.000E+00 0.000E+00
 0.000E+00 0.000E+00 0.000E+00 0.000E+00 0.000E+00 0.000E+00 0.000E+00 0.000E+00
 0.000E+00 0.000E+00 0.000E+00 0.000E+00 0.000E+00 0.000E+00 0.000E+00 0.000E+00
 0.000E+00 0.000E+00 5.431E-18 2.246E-17 3.903E-17 5.266E-17 6.391E-17 7.320E-17
 8.079E-17 8.693E-17 1.060E-16 1.674E-16 2.301E-16 2.823E-16 3.257E-16 3.617E-16
 3.913E-16 3.963E-16 3.275E-16 2.548E-16 1.966E-16 1.595E-16 1.938E-16 2.502E-16
 2.993E-16 3.409E-16 3.756E-16 3.953E-16 3.365E-16 2.588E-16 1.970E-16 1.494E-16
 1.262E-16 1.639E-16 2.139E-16 3.196E-16 4.714E-16 6.272E-16 7.169E-16 7.752E-16
 8.922E-16 1.099E-15 1.366E-15 1.727E-15 1.860E-15 1.837E-15 1.643E-15 1.405E-15
 1.181E-15 9.127E-16 5.803E-16 2.211E-16
                                   Total (all groups):  2.456E-14 neutrons/sec-cm**3   .
                               Average Neutron Energy:  1.434E+00 MeV.


 (a,n) neutrons/sec-cc from  2.06736E+13 at/cc th232  alphas on ti 47  in target
 0.000E+00 0.000E+00 0.000E+00 0.000E+00 0.000E+00 0.000E+00 0.000E+00 0.000E+00
 0.000E+00 0.000E+00 0.000E+00 0.000E+00 0.000E+00 0.000E+00 0.000E+00 0.000E+00
 0.000E+00 0.000E+00 0.000E+00 0.000E+00 0.000E+00 0.000E+00 0.000E+00 0.000E+00
 0.000E+00 0.000E+00 0.000E+00 0.000E+00 0.000E+00 0.000E+00 0.000E+00 0.000E+00
 0.000E+00 0.000E+00 0.000E+00 0.000E+00 0.000E+00 0.000E+00 0.000E+00 0.000E+00
 0.000E+00 0.000E+00 0.000E+00 0.000E+00 0.000E+00 0.000E+00 0.000E+00 0.000E+00
 0.000E+00 0.000E+00 0.000E+00 0.000E+00 0.000E+00 0.000E+00 0.000E+00 0.000E+00
 0.000E+00 0.000E+00 0.000E+00 0.000E+00 0.000E+00 0.000E+00 0.000E+00 0.000E+00
 2.531E-19 7.019E-19 8.884E-19 9.687E-19 1.021E-18 1.031E-18 6.124E-19 2.495E-19
 1.383E-18 3.783E-18 4.964E-18 5.509E-18 5.865E-18 4.641E-18 2.102E-18 1.102E-18
 6.081E-19 3.161E-19 1.548E-19 5.382E-19 2.855E-18 4.189E-18 4.519E-18 3.713E-18
 1.194E-18 4.776E-19 2.511E-19 1.227E-19 5.544E-20 2.352E-20 2.190E-19 1.579E-18
 2.631E-18 2.101E-18 2.090E-18 9.207E-19
                                   Total (all groups):  6.363E-17 neutrons/sec-cm**3   .
                               Average Neutron Energy:  1.860E+00 MeV.



 Total (alpha,n) neutron spectrum this target
 0.000E+00 0.000E+00 0.000E+00 0.000E+00 0.000E+00 0.000E+00 0.000E+00 7.981E-21
 4.036E-20 7.535E-20 1.129E-19 1.561E-19 2.003E-19 2.456E-19 2.917E-19 3.747E-19
 5.737E-19 5.993E-17 2.661E-16 4.782E-16 6.916E-16 9.036E-16 1.115E-15 1.321E-15
 1.522E-15 1.985E-15 3.119E-15 4.274E-15 5.424E-15 6.556E-15 7.572E-15 8.411E-15
 9.216E-15 1.000E-14 1.076E-14 1.148E-14 1.230E-14 1.393E-14 1.489E-14 1.567E-14
 1.640E-14 1.706E-14 1.771E-14 1.832E-14 1.888E-14 1.977E-14 2.082E-14 2.181E-14
 2.223E-14 2.236E-14 2.406E-14 2.645E-14 2.966E-14 3.291E-14 3.653E-14 4.286E-14
 5.181E-14 6.428E-14 7.873E-14 9.366E-14 1.080E-13 1.228E-13 1.380E-13 1.536E-13
 1.666E-13 1.765E-13 1.839E-13 1.886E-13 1.916E-13 1.920E-13 1.908E-13 1.876E-13
 1.850E-13 2.359E-13 3.098E-13 3.781E-13 4.409E-13 4.996E-13 5.533E-13 6.038E-13
 5.919E-13 5.312E-13 4.751E-13 4.213E-13 3.717E-13 3.242E-13 2.803E-13 2.399E-13
 2.027E-13 1.693E-13 1.392E-13 1.122E-13 8.955E-14 7.412E-14 6.753E-14 6.322E-14
 5.399E-14 3.848E-14 2.636E-14 2.015E-14
                                   Total (all groups):  1.032E-11 neutrons/sec-cm**3   .
                               Average Neutron Energy:  2.373E+00 MeV.
 

--------------------------------------------------------------------------------
 


 (a,n) neutrons/sec-cc from  1.69398E-01 at/cc bi212  alphas on ti 48  in target
 0.000E+00 0.000E+00 0.000E+00 0.000E+00 0.000E+00 0.000E+00 0.000E+00 0.000E+00
 0.000E+00 0.000E+00 0.000E+00 0.000E+00 0.000E+00 0.000E+00 0.000E+00 0.000E+00
 0.000E+00 0.000E+00 0.000E+00 0.000E+00 0.000E+00 0.000E+00 0.000E+00 0.000E+00
 0.000E+00 0.000E+00 0.000E+00 0.000E+00 0.000E+00 0.000E+00 0.000E+00 6.232E-19
 4.754E-18 9.541E-18 1.455E-17 2.025E-17 2.616E-17 3.213E-17 3.804E-17 4.541E-17
 5.653E-17 6.808E-17 8.017E-17 9.298E-17 1.050E-16 1.174E-16 1.326E-16 1.511E-16
 1.739E-16 1.980E-16 2.222E-16 2.439E-16 2.679E-16 2.935E-16 3.173E-16 3.399E-16
 3.665E-16 3.915E-16 4.108E-16 4.282E-16 4.524E-16 4.807E-16 5.167E-16 5.687E-16
 6.333E-16 7.069E-16 7.876E-16 8.834E-16 2.052E-15 4.953E-15 7.543E-15 9.751E-15
 1.173E-14 1.361E-14 1.480E-14 1.328E-14 1.507E-14 2.164E-14 2.782E-14 3.334E-14
 3.813E-14 4.177E-14 3.832E-14 3.551E-14 3.393E-14 3.414E-14 3.390E-14 3.174E-14
 2.938E-14 2.881E-14 2.942E-14 3.021E-14 2.795E-14 1.426E-13 2.252E-13 1.293E-13
 1.084E-14 7.872E-15 9.100E-15 8.813E-15
                                   Total (all groups):  1.152E-12 neutrons/sec-cm**3   .
                               Average Neutron Energy:  1.171E+00 MeV.


 (a,n) neutrons/sec-cc from  8.93066E-12 at/cc po212  alphas on ti 48  in target
 0.000E+00 0.000E+00 0.000E+00 0.000E+00 0.000E+00 0.000E+00 0.000E+00 0.000E+00
 0.000E+00 0.000E+00 0.000E+00 0.000E+00 0.000E+00 0.000E+00 0.000E+00 0.000E+00
 0.000E+00 0.000E+00 0.000E+00 0.000E+00 0.000E+00 0.000E+00 0.000E+00 0.000E+00
 0.000E+00 0.000E+00 0.000E+00 0.000E+00 0.000E+00 0.000E+00 0.000E+00 0.000E+00
 0.000E+00 0.000E+00 0.000E+00 0.000E+00 0.000E+00 0.000E+00 0.000E+00 0.000E+00
 0.000E+00 4.048E-15 2.808E-14 5.440E-14 8.077E-14 1.066E-13 1.315E-13 1.563E-13
 1.802E-13 2.132E-13 2.722E-13 3.323E-13 3.761E-13 4.070E-13 4.508E-13 5.011E-13
 5.708E-13 6.530E-13 7.570E-13 8.409E-13 8.987E-13 9.611E-13 1.043E-12 1.124E-12
 1.193E-12 1.242E-12 1.297E-12 1.340E-12 1.377E-12 1.415E-12 1.468E-12 1.537E-12
 1.684E-12 1.937E-12 2.228E-12 2.572E-12 2.977E-12 3.412E-12 3.783E-12 4.043E-12
 4.134E-12 4.103E-12 4.228E-12 4.939E-12 5.582E-12 6.121E-12 6.595E-12 7.007E-12
 6.524E-12 5.622E-12 4.829E-12 4.066E-12 3.371E-12 2.964E-12 2.538E-12 1.917E-12
 1.327E-12 9.799E-13 6.455E-13 3.374E-13
                                   Total (all groups):  1.215E-10 neutrons/sec-cm**3   .
                               Average Neutron Energy:  1.859E+00 MeV.


 (a,n) neutrons/sec-cc from  6.76088E-06 at/cc po216  alphas on ti 48  in target
 0.000E+00 0.000E+00 0.000E+00 0.000E+00 0.000E+00 0.000E+00 0.000E+00 0.000E+00
 0.000E+00 0.000E+00 0.000E+00 0.000E+00 0.000E+00 0.000E+00 0.000E+00 0.000E+00
 0.000E+00 0.000E+00 0.000E+00 0.000E+00 0.000E+00 0.000E+00 0.000E+00 0.000E+00
 0.000E+00 0.000E+00 0.000E+00 0.000E+00 0.000E+00 0.000E+00 0.000E+00 0.000E+00
 0.000E+00 0.000E+00 0.000E+00 0.000E+00 0.000E+00 0.000E+00 0.000E+00 0.000E+00
 0.000E+00 0.000E+00 0.000E+00 0.000E+00 0.000E+00 0.000E+00 0.000E+00 0.000E+00
 0.000E+00 0.000E+00 0.000E+00 0.000E+00 0.000E+00 0.000E+00 0.000E+00 0.000E+00
 0.000E+00 0.000E+00 0.000E+00 0.000E+00 0.000E+00 5.941E-15 2.146E-14 3.588E-14
 4.907E-14 6.126E-14 7.238E-14 8.264E-14 9.076E-14 1.020E-13 1.282E-13 1.532E-13
 1.767E-13 2.013E-13 2.292E-13 2.592E-13 2.686E-13 2.730E-13 2.871E-13 2.976E-13
 2.992E-13 3.020E-13 3.075E-13 3.091E-13 3.031E-13 3.023E-13 3.028E-13 2.828E-13
 2.549E-13 2.314E-13 2.175E-13 2.248E-13 2.769E-13 7.029E-13 1.038E-12 8.530E-13
 5.226E-13 4.475E-13 3.185E-13 1.348E-13
                                   Total (all groups):  1.043E-11 neutrons/sec-cm**3   .
                               Average Neutron Energy:  1.344E+00 MeV.


 (a,n) neutrons/sec-cc from  2.59246E-03 at/cc rn220  alphas on ti 48  in target
 0.000E+00 0.000E+00 0.000E+00 0.000E+00 0.000E+00 0.000E+00 0.000E+00 0.000E+00
 0.000E+00 0.000E+00 0.000E+00 0.000E+00 0.000E+00 0.000E+00 0.000E+00 0.000E+00
 0.000E+00 0.000E+00 0.000E+00 0.000E+00 0.000E+00 0.000E+00 0.000E+00 0.000E+00
 0.000E+00 0.000E+00 0.000E+00 0.000E+00 0.000E+00 0.000E+00 0.000E+00 0.000E+00
 0.000E+00 0.000E+00 0.000E+00 0.000E+00 0.000E+00 0.000E+00 0.000E+00 0.000E+00
 0.000E+00 0.000E+00 0.000E+00 0.000E+00 0.000E+00 0.000E+00 0.000E+00 0.000E+00
 0.000E+00 0.000E+00 0.000E+00 0.000E+00 0.000E+00 0.000E+00 0.000E+00 0.000E+00
 0.000E+00 0.000E+00 0.000E+00 0.000E+00 0.000E+00 0.000E+00 0.000E+00 0.000E+00
 0.000E+00 4.727E-18 5.932E-15 1.654E-14 2.614E-14 3.450E-14 4.168E-14 4.778E-14
 5.235E-14 4.745E-14 5.724E-14 7.823E-14 9.826E-14 1.169E-13 1.356E-13 1.531E-13
 1.497E-13 1.437E-13 1.419E-13 1.450E-13 1.442E-13 1.378E-13 1.321E-13 1.325E-13
 1.338E-13 1.361E-13 1.321E-13 1.167E-13 9.870E-14 4.158E-13 6.389E-13 3.730E-13
 6.927E-14 9.587E-14 1.060E-13 7.414E-14
                                   Total (all groups):  4.429E-12 neutrons/sec-cm**3   .
                               Average Neutron Energy:  1.240E+00 MeV.


 (a,n) neutrons/sec-cc from  1.46317E+01 at/cc ra224  alphas on ti 48  in target
 0.000E+00 0.000E+00 0.000E+00 0.000E+00 0.000E+00 0.000E+00 0.000E+00 0.000E+00
 0.000E+00 0.000E+00 0.000E+00 0.000E+00 0.000E+00 0.000E+00 0.000E+00 0.000E+00
 0.000E+00 0.000E+00 0.000E+00 0.000E+00 0.000E+00 0.000E+00 0.000E+00 0.000E+00
 0.000E+00 0.000E+00 0.000E+00 0.000E+00 0.000E+00 0.000E+00 0.000E+00 0.000E+00
 0.000E+00 0.000E+00 0.000E+00 0.000E+00 0.000E+00 0.000E+00 0.000E+00 0.000E+00
 0.000E+00 0.000E+00 0.000E+00 0.000E+00 0.000E+00 0.000E+00 0.000E+00 0.000E+00
 0.000E+00 0.000E+00 0.000E+00 0.000E+00 0.000E+00 0.000E+00 0.000E+00 0.000E+00
 0.000E+00 0.000E+00 0.000E+00 0.000E+00 0.000E+00 0.000E+00 0.000E+00 0.000E+00
 0.000E+00 0.000E+00 0.000E+00 0.000E+00 0.000E+00 0.000E+00 0.000E+00 2.459E-17
 2.767E-15 6.800E-15 1.011E-14 1.288E-14 1.513E-14 1.671E-14 1.423E-14 1.139E-14
 1.800E-14 2.841E-14 3.699E-14 4.416E-14 4.975E-14 4.346E-14 3.686E-14 3.469E-14
 3.419E-14 3.493E-14 3.275E-14 2.761E-14 2.448E-14 3.550E-13 5.973E-13 3.402E-13
 1.848E-14 1.339E-14 9.219E-15 3.572E-15
                                   Total (all groups):  1.873E-12 neutrons/sec-cm**3   .
                               Average Neutron Energy:  8.228E-01 MeV.


 (a,n) neutrons/sec-cc from  2.81276E+03 at/cc th228  alphas on ti 48  in target
 0.000E+00 0.000E+00 0.000E+00 0.000E+00 0.000E+00 0.000E+00 0.000E+00 0.000E+00
 0.000E+00 0.000E+00 0.000E+00 0.000E+00 0.000E+00 0.000E+00 0.000E+00 0.000E+00
 0.000E+00 0.000E+00 0.000E+00 0.000E+00 0.000E+00 0.000E+00 0.000E+00 0.000E+00
 0.000E+00 0.000E+00 0.000E+00 0.000E+00 0.000E+00 0.000E+00 0.000E+00 0.000E+00
 0.000E+00 0.000E+00 0.000E+00 0.000E+00 0.000E+00 0.000E+00 0.000E+00 0.000E+00
 0.000E+00 0.000E+00 0.000E+00 0.000E+00 0.000E+00 0.000E+00 0.000E+00 0.000E+00
 0.000E+00 0.000E+00 0.000E+00 0.000E+00 0.000E+00 0.000E+00 0.000E+00 0.000E+00
 0.000E+00 0.000E+00 0.000E+00 0.000E+00 0.000E+00 0.000E+00 0.000E+00 0.000E+00
 0.000E+00 0.000E+00 0.000E+00 0.000E+00 0.000E+00 0.000E+00 0.000E+00 0.000E+00
 0.000E+00 0.000E+00 2.906E-16 2.214E-15 4.432E-15 6.264E-15 7.755E-15 8.926E-15
 8.279E-15 6.305E-15 5.763E-15 1.050E-14 1.633E-14 2.129E-14 2.537E-14 2.425E-14
 1.937E-14 1.670E-14 1.550E-14 1.510E-14 1.472E-14 3.446E-13 5.831E-13 3.256E-13
 1.031E-14 1.023E-14 6.546E-15 2.567E-15
                                   Total (all groups):  1.512E-12 neutrons/sec-cm**3   .
                               Average Neutron Energy:  6.736E-01 MeV.


 (a,n) neutrons/sec-cc from  2.06736E+13 at/cc th232  alphas on ti 48  in target
 0.000E+00 0.000E+00 0.000E+00 0.000E+00 0.000E+00 0.000E+00 0.000E+00 0.000E+00
 0.000E+00 0.000E+00 0.000E+00 0.000E+00 0.000E+00 0.000E+00 0.000E+00 0.000E+00
 0.000E+00 0.000E+00 0.000E+00 0.000E+00 0.000E+00 0.000E+00 0.000E+00 0.000E+00
 0.000E+00 0.000E+00 0.000E+00 0.000E+00 0.000E+00 0.000E+00 0.000E+00 0.000E+00
 0.000E+00 0.000E+00 0.000E+00 0.000E+00 0.000E+00 0.000E+00 0.000E+00 0.000E+00
 0.000E+00 0.000E+00 0.000E+00 0.000E+00 0.000E+00 0.000E+00 0.000E+00 0.000E+00
 0.000E+00 0.000E+00 0.000E+00 0.000E+00 0.000E+00 0.000E+00 0.000E+00 0.000E+00
 0.000E+00 0.000E+00 0.000E+00 0.000E+00 0.000E+00 0.000E+00 0.000E+00 0.000E+00
 0.000E+00 0.000E+00 0.000E+00 0.000E+00 0.000E+00 0.000E+00 0.000E+00 0.000E+00
 0.000E+00 0.000E+00 0.000E+00 0.000E+00 0.000E+00 0.000E+00 0.000E+00 0.000E+00
 0.000E+00 0.000E+00 0.000E+00 0.000E+00 0.000E+00 0.000E+00 0.000E+00 0.000E+00
 4.574E-18 2.944E-17 4.675E-17 4.675E-17 1.862E-17 3.324E-13 5.740E-13 3.171E-13
 9.088E-18 1.179E-16 1.768E-16 6.571E-17
                                   Total (all groups):  1.224E-12 neutrons/sec-cm**3   .
                               Average Neutron Energy:  5.513E-01 MeV.



 Total (alpha,n) neutron spectrum this target
 0.000E+00 0.000E+00 0.000E+00 0.000E+00 0.000E+00 0.000E+00 0.000E+00 0.000E+00
 0.000E+00 0.000E+00 0.000E+00 0.000E+00 0.000E+00 0.000E+00 0.000E+00 0.000E+00
 0.000E+00 0.000E+00 0.000E+00 0.000E+00 0.000E+00 0.000E+00 0.000E+00 0.000E+00
 0.000E+00 0.000E+00 0.000E+00 0.000E+00 0.000E+00 0.000E+00 0.000E+00 6.232E-19
 4.754E-18 9.541E-18 1.455E-17 2.025E-17 2.616E-17 3.213E-17 3.804E-17 4.541E-17
 5.653E-17 4.116E-15 2.816E-14 5.450E-14 8.087E-14 1.067E-13 1.316E-13 1.564E-13
 1.803E-13 2.134E-13 2.724E-13 3.326E-13 3.764E-13 4.073E-13 4.511E-13 5.015E-13
 5.711E-13 6.534E-13 7.574E-13 8.413E-13 8.991E-13 9.675E-13 1.065E-12 1.161E-12
 1.242E-12 1.304E-12 1.376E-12 1.440E-12 1.496E-12 1.557E-12 1.645E-12 1.748E-12
 1.927E-12 2.206E-12 2.539E-12 2.938E-12 3.379E-12 3.847E-12 4.255E-12 4.547E-12
 4.647E-12 4.626E-12 4.759E-12 5.483E-12 6.129E-12 6.660E-12 7.126E-12 7.513E-12
 6.996E-12 6.070E-12 5.257E-12 4.481E-12 3.814E-12 5.257E-12 6.195E-12 4.255E-12
 1.958E-12 1.555E-12 1.095E-12 5.613E-13
                                   Total (all groups):  1.421E-10 neutrons/sec-cm**3   .
                               Average Neutron Energy:  1.759E+00 MeV.
 

--------------------------------------------------------------------------------
 


 (a,n) neutrons/sec-cc from  1.69398E-01 at/cc bi212  alphas on ti 50  in target
 0.000E+00 0.000E+00 0.000E+00 0.000E+00 0.000E+00 0.000E+00 0.000E+00 0.000E+00
 0.000E+00 0.000E+00 0.000E+00 0.000E+00 0.000E+00 0.000E+00 0.000E+00 0.000E+00
 0.000E+00 0.000E+00 0.000E+00 0.000E+00 0.000E+00 0.000E+00 8.225E-20 3.287E-19
 5.860E-19 8.716E-19 1.200E-18 1.542E-18 1.965E-18 2.461E-18 2.974E-18 3.515E-18
 4.122E-18 4.969E-18 5.842E-18 6.582E-18 7.569E-18 8.573E-18 9.736E-18 1.109E-17
 1.236E-17 1.359E-17 1.488E-17 1.635E-17 1.768E-17 1.911E-17 2.082E-17 2.233E-17
 2.385E-17 2.522E-17 2.697E-17 2.944E-17 3.207E-17 3.480E-17 3.772E-17 4.101E-17
 4.437E-17 4.795E-17 5.728E-17 1.923E-16 3.941E-16 5.707E-16 7.236E-16 8.560E-16
 9.790E-16 1.177E-15 1.269E-15 1.249E-15 1.234E-15 1.286E-15 1.453E-15 1.555E-15
 1.592E-15 1.705E-15 1.789E-15 1.883E-15 1.857E-15 1.819E-15 1.697E-15 1.569E-15
 1.527E-15 1.412E-15 1.372E-15 1.488E-15 1.658E-15 1.784E-15 1.915E-15 2.282E-15
 2.777E-15 3.121E-15 3.360E-15 3.076E-15 2.681E-15 2.618E-15 2.655E-15 2.514E-15
 2.047E-15 1.675E-15 1.369E-15 5.473E-16
                                   Total (all groups):  6.934E-14 neutrons/sec-cm**3   .
                               Average Neutron Energy:  1.734E+00 MeV.


 (a,n) neutrons/sec-cc from  8.93066E-12 at/cc po212  alphas on ti 50  in target
 0.000E+00 0.000E+00 0.000E+00 0.000E+00 0.000E+00 0.000E+00 0.000E+00 0.000E+00
 0.000E+00 0.000E+00 0.000E+00 0.000E+00 0.000E+00 0.000E+00 0.000E+00 0.000E+00
 0.000E+00 0.000E+00 0.000E+00 0.000E+00 0.000E+00 0.000E+00 0.000E+00 0.000E+00
 0.000E+00 0.000E+00 0.000E+00 0.000E+00 0.000E+00 0.000E+00 0.000E+00 0.000E+00
 6.282E-16 2.336E-15 4.066E-15 5.830E-15 7.580E-15 9.317E-15 1.163E-14 1.435E-14
 1.707E-14 1.975E-14 2.264E-14 2.616E-14 2.864E-14 3.141E-14 3.544E-14 3.945E-14
 4.420E-14 4.875E-14 5.301E-14 5.712E-14 6.098E-14 6.435E-14 6.749E-14 7.100E-14
 7.465E-14 7.872E-14 8.171E-14 8.463E-14 9.139E-14 1.024E-13 1.128E-13 1.235E-13
 1.333E-13 1.445E-13 1.578E-13 1.733E-13 1.885E-13 1.979E-13 2.079E-13 2.167E-13
 2.235E-13 2.250E-13 2.220E-13 2.176E-13 2.868E-13 3.788E-13 4.625E-13 5.383E-13
 6.084E-13 6.716E-13 6.751E-13 5.969E-13 5.223E-13 4.542E-13 3.901E-13 3.318E-13
 2.789E-13 2.312E-13 1.889E-13 1.531E-13 1.220E-13 9.614E-14 7.248E-14 5.391E-14
 3.845E-14 2.698E-14 1.774E-14 1.051E-14
                                   Total (all groups):  1.101E-11 neutrons/sec-cm**3   .
                               Average Neutron Energy:  2.299E+00 MeV.


 (a,n) neutrons/sec-cc from  6.76088E-06 at/cc po216  alphas on ti 50  in target
 0.000E+00 0.000E+00 0.000E+00 0.000E+00 0.000E+00 0.000E+00 0.000E+00 0.000E+00
 0.000E+00 0.000E+00 0.000E+00 0.000E+00 0.000E+00 0.000E+00 0.000E+00 0.000E+00
 0.000E+00 0.000E+00 0.000E+00 0.000E+00 0.000E+00 0.000E+00 0.000E+00 0.000E+00
 0.000E+00 0.000E+00 0.000E+00 0.000E+00 0.000E+00 0.000E+00 0.000E+00 0.000E+00
 0.000E+00 0.000E+00 0.000E+00 0.000E+00 0.000E+00 0.000E+00 0.000E+00 0.000E+00
 0.000E+00 0.000E+00 0.000E+00 0.000E+00 0.000E+00 0.000E+00 0.000E+00 0.000E+00
 0.000E+00 0.000E+00 0.000E+00 1.808E-17 8.700E-16 2.093E-15 3.206E-15 4.202E-15
 5.095E-15 5.948E-15 7.315E-15 8.697E-15 9.071E-15 8.757E-15 8.866E-15 9.750E-15
 1.058E-14 1.138E-14 1.206E-14 1.269E-14 1.394E-14 1.493E-14 1.481E-14 1.462E-14
 1.419E-14 1.408E-14 1.382E-14 1.337E-14 1.406E-14 1.546E-14 1.703E-14 1.789E-14
 2.155E-14 2.638E-14 2.974E-14 3.230E-14 3.471E-14 3.591E-14 3.585E-14 3.686E-14
 3.822E-14 3.813E-14 3.677E-14 3.386E-14 3.003E-14 2.510E-14 1.909E-14 1.419E-14
 1.475E-14 2.453E-14 2.610E-14 1.574E-14
                                   Total (all groups):  8.686E-13 neutrons/sec-cm**3   .
                               Average Neutron Energy:  1.765E+00 MeV.


 (a,n) neutrons/sec-cc from  2.59246E-03 at/cc rn220  alphas on ti 50  in target
 0.000E+00 0.000E+00 0.000E+00 0.000E+00 0.000E+00 0.000E+00 0.000E+00 0.000E+00
 0.000E+00 0.000E+00 0.000E+00 0.000E+00 0.000E+00 0.000E+00 0.000E+00 0.000E+00
 0.000E+00 0.000E+00 0.000E+00 0.000E+00 0.000E+00 0.000E+00 0.000E+00 0.000E+00
 0.000E+00 0.000E+00 0.000E+00 0.000E+00 0.000E+00 0.000E+00 0.000E+00 0.000E+00
 0.000E+00 0.000E+00 0.000E+00 0.000E+00 0.000E+00 0.000E+00 0.000E+00 0.000E+00
 0.000E+00 0.000E+00 0.000E+00 0.000E+00 0.000E+00 0.000E+00 0.000E+00 0.000E+00
 0.000E+00 0.000E+00 0.000E+00 0.000E+00 0.000E+00 0.000E+00 0.000E+00 0.000E+00
 5.055E-17 6.876E-16 1.421E-15 2.063E-15 2.630E-15 3.126E-15 3.631E-15 4.460E-15
 4.795E-15 4.579E-15 4.403E-15 4.595E-15 5.132E-15 5.459E-15 5.615E-15 5.982E-15
 6.356E-15 6.937E-15 6.903E-15 6.803E-15 6.435E-15 6.080E-15 6.040E-15 5.642E-15
 5.604E-15 6.253E-15 7.095E-15 7.604E-15 8.250E-15 1.032E-14 1.246E-14 1.386E-14
 1.509E-14 1.451E-14 1.344E-14 1.339E-14 1.368E-14 1.346E-14 1.170E-14 1.058E-14
 9.425E-15 7.230E-15 4.291E-15 1.542E-15
                                   Total (all groups):  3.096E-13 neutrons/sec-cm**3   .
                               Average Neutron Energy:  1.693E+00 MeV.


 (a,n) neutrons/sec-cc from  1.46317E+01 at/cc ra224  alphas on ti 50  in target
 0.000E+00 0.000E+00 0.000E+00 0.000E+00 0.000E+00 0.000E+00 0.000E+00 0.000E+00
 0.000E+00 0.000E+00 0.000E+00 0.000E+00 0.000E+00 0.000E+00 0.000E+00 0.000E+00
 0.000E+00 0.000E+00 0.000E+00 0.000E+00 0.000E+00 0.000E+00 0.000E+00 0.000E+00
 0.000E+00 0.000E+00 0.000E+00 0.000E+00 0.000E+00 0.000E+00 0.000E+00 0.000E+00
 0.000E+00 0.000E+00 0.000E+00 0.000E+00 0.000E+00 0.000E+00 0.000E+00 0.000E+00
 0.000E+00 0.000E+00 0.000E+00 0.000E+00 0.000E+00 0.000E+00 0.000E+00 0.000E+00
 0.000E+00 0.000E+00 0.000E+00 0.000E+00 0.000E+00 0.000E+00 0.000E+00 0.000E+00
 0.000E+00 0.000E+00 0.000E+00 0.000E+00 0.000E+00 0.000E+00 3.319E-17 3.171E-16
 6.095E-16 8.593E-16 1.071E-15 1.244E-15 1.430E-15 1.585E-15 1.506E-15 1.445E-15
 1.393E-15 1.505E-15 1.668E-15 1.615E-15 1.692E-15 1.837E-15 1.942E-15 1.948E-15
 1.950E-15 1.844E-15 1.634E-15 1.528E-15 1.412E-15 1.338E-15 1.388E-15 1.620E-15
 1.780E-15 2.022E-15 2.158E-15 2.603E-15 3.143E-15 3.526E-15 3.160E-15 2.395E-15
 2.025E-15 1.982E-15 1.562E-15 6.619E-16
                                   Total (all groups):  6.343E-14 neutrons/sec-cm**3   .
                               Average Neutron Energy:  1.612E+00 MeV.


 (a,n) neutrons/sec-cc from  2.81276E+03 at/cc th228  alphas on ti 50  in target
 0.000E+00 0.000E+00 0.000E+00 0.000E+00 0.000E+00 0.000E+00 0.000E+00 0.000E+00
 0.000E+00 0.000E+00 0.000E+00 0.000E+00 0.000E+00 0.000E+00 0.000E+00 0.000E+00
 0.000E+00 0.000E+00 0.000E+00 0.000E+00 0.000E+00 0.000E+00 0.000E+00 0.000E+00
 0.000E+00 0.000E+00 0.000E+00 0.000E+00 0.000E+00 0.000E+00 0.000E+00 0.000E+00
 0.000E+00 0.000E+00 0.000E+00 0.000E+00 0.000E+00 0.000E+00 0.000E+00 0.000E+00
 0.000E+00 0.000E+00 0.000E+00 0.000E+00 0.000E+00 0.000E+00 0.000E+00 0.000E+00
 0.000E+00 0.000E+00 0.000E+00 0.000E+00 0.000E+00 0.000E+00 0.000E+00 0.000E+00
 0.000E+00 0.000E+00 0.000E+00 0.000E+00 0.000E+00 0.000E+00 0.000E+00 0.000E+00
 0.000E+00 6.273E-17 2.445E-16 4.182E-16 5.592E-16 6.736E-16 7.675E-16 8.548E-16
 8.344E-16 7.956E-16 7.679E-16 7.619E-16 8.527E-16 8.692E-16 8.569E-16 9.293E-16
 1.013E-15 9.989E-16 9.953E-16 9.744E-16 8.668E-16 7.612E-16 6.781E-16 6.352E-16
 6.313E-16 6.837E-16 7.485E-16 8.722E-16 9.751E-16 9.977E-16 1.210E-15 1.490E-15
 1.407E-15 9.701E-16 5.741E-16 2.508E-16
                                   Total (all groups):  2.798E-14 neutrons/sec-cm**3   .
                               Average Neutron Energy:  1.595E+00 MeV.


 (a,n) neutrons/sec-cc from  2.06736E+13 at/cc th232  alphas on ti 50  in target
 0.000E+00 0.000E+00 0.000E+00 0.000E+00 0.000E+00 0.000E+00 0.000E+00 0.000E+00
 0.000E+00 0.000E+00 0.000E+00 0.000E+00 0.000E+00 0.000E+00 0.000E+00 0.000E+00
 0.000E+00 0.000E+00 0.000E+00 0.000E+00 0.000E+00 0.000E+00 0.000E+00 0.000E+00
 0.000E+00 0.000E+00 0.000E+00 0.000E+00 0.000E+00 0.000E+00 0.000E+00 0.000E+00
 0.000E+00 0.000E+00 0.000E+00 0.000E+00 0.000E+00 0.000E+00 0.000E+00 0.000E+00
 0.000E+00 0.000E+00 0.000E+00 0.000E+00 0.000E+00 0.000E+00 0.000E+00 0.000E+00
 0.000E+00 0.000E+00 0.000E+00 0.000E+00 0.000E+00 0.000E+00 0.000E+00 0.000E+00
 0.000E+00 0.000E+00 0.000E+00 0.000E+00 0.000E+00 0.000E+00 0.000E+00 0.000E+00
 0.000E+00 0.000E+00 0.000E+00 0.000E+00 0.000E+00 0.000E+00 0.000E+00 0.000E+00
 0.000E+00 0.000E+00 0.000E+00 0.000E+00 0.000E+00 0.000E+00 0.000E+00 1.917E-18
 5.320E-18 7.056E-18 7.729E-18 6.042E-18 2.344E-18 2.437E-18 4.439E-18 5.851E-18
 5.463E-18 2.794E-18 2.501E-18 2.932E-18 2.555E-18 1.453E-18 1.312E-18 8.328E-19
 8.887E-19 5.119E-19 2.738E-20 1.914E-23
                                   Total (all groups):  6.441E-17 neutrons/sec-cm**3   .
                               Average Neutron Energy:  1.395E+00 MeV.



 Total (alpha,n) neutron spectrum this target
 0.000E+00 0.000E+00 0.000E+00 0.000E+00 0.000E+00 0.000E+00 0.000E+00 0.000E+00
 0.000E+00 0.000E+00 0.000E+00 0.000E+00 0.000E+00 0.000E+00 0.000E+00 0.000E+00
 0.000E+00 0.000E+00 0.000E+00 0.000E+00 0.000E+00 0.000E+00 8.225E-20 3.287E-19
 5.860E-19 8.716E-19 1.200E-18 1.542E-18 1.965E-18 2.461E-18 2.974E-18 3.515E-18
 6.323E-16 2.341E-15 4.072E-15 5.837E-15 7.588E-15 9.326E-15 1.164E-14 1.436E-14
 1.708E-14 1.976E-14 2.265E-14 2.618E-14 2.866E-14 3.143E-14 3.546E-14 3.947E-14
 4.423E-14 4.877E-14 5.304E-14 5.717E-14 6.188E-14 6.647E-14 7.073E-14 7.525E-14
 7.984E-14 8.541E-14 9.050E-14 9.559E-14 1.035E-13 1.149E-13 1.261E-13 1.389E-13
 1.503E-13 1.626E-13 1.768E-13 1.935E-13 2.108E-13 2.218E-13 2.321E-13 2.412E-13
 2.479E-13 2.500E-13 2.469E-13 2.420E-13 3.117E-13 4.049E-13 4.901E-13 5.663E-13
 6.400E-13 7.085E-13 7.159E-13 6.408E-13 5.692E-13 5.043E-13 4.424E-13 3.870E-13
 3.374E-13 2.896E-13 2.454E-13 2.069E-13 1.725E-13 1.418E-13 1.103E-13 8.508E-14
 6.811E-14 6.336E-14 5.163E-14 2.925E-14
                                   Total (all groups):  1.235E-11 neutrons/sec-cm**3   .
                               Average Neutron Energy:  2.238E+00 MeV.
 

--------------------------------------------------------------------------------
 

--------------------------------------------------------------------------------



 Grand total (alpha,n) neutron spectrum, all targets, all sources
 0.000E+00 0.000E+00 0.000E+00 0.000E+00 0.000E+00 0.000E+00 0.000E+00 7.981E-21
 4.036E-20 7.535E-20 1.129E-19 1.561E-19 2.003E-19 2.456E-19 2.917E-19 3.747E-19
 5.737E-19 5.993E-17 2.661E-16 4.782E-16 6.916E-16 9.036E-16 1.115E-15 1.321E-15
 1.523E-15 1.985E-15 3.120E-15 4.275E-15 5.426E-15 6.558E-15 7.575E-15 8.415E-15
 9.853E-15 1.235E-14 1.484E-14 1.734E-14 1.991E-14 2.329E-14 2.656E-14 3.008E-14
 3.354E-14 4.094E-14 6.852E-14 9.899E-14 1.284E-13 1.579E-13 1.879E-13 2.177E-13
 2.468E-13 2.845E-13 3.495E-13 4.162E-13 4.679E-13 5.067E-13 5.584E-13 6.196E-13
 7.028E-13 8.031E-13 9.267E-13 1.031E-12 1.115E-12 1.216E-12 1.346E-12 1.482E-12
 1.600E-12 1.695E-12 1.800E-12 1.896E-12 1.983E-12 2.060E-12 2.160E-12 2.271E-12
 2.453E-12 2.782E-12 3.182E-12 3.642E-12 4.214E-12 4.835E-12 5.387E-12 5.811E-12
 5.984E-12 5.983E-12 6.080E-12 6.692E-12 7.231E-12 7.656E-12 8.024E-12 8.324E-12
 7.730E-12 6.727E-12 5.842E-12 4.996E-12 4.258E-12 5.634E-12 6.516E-12 4.531E-12
 2.195E-12 1.759E-12 1.252E-12 6.633E-13
                                   Total (all groups):  1.691E-10 neutrons/sec-cm**3   .
                               Average Neutron Energy:  1.827E+00 MeV.
 

--------------------------------------------------------------------------------

--------------------------------------------------------------------------------
 


 S.F. neutrons/cc from  2.06736E+13 at/cc th232 
 5.134E-21 5.796E-21 6.578E-21 7.458E-21 8.387E-21 9.520E-21 1.072E-20 1.215E-20
 1.370E-20 1.548E-20 1.747E-20 1.970E-20 2.226E-20 2.511E-20 2.831E-20 3.193E-20
 3.597E-20 4.053E-20 4.567E-20 5.141E-20 5.788E-20 6.512E-20 7.329E-20 8.238E-20
 9.266E-20 1.041E-19 1.170E-19 1.314E-19 1.475E-19 1.655E-19 1.857E-19 2.082E-19
 2.334E-19 2.616E-19 2.930E-19 3.280E-19 3.670E-19 4.106E-19 4.590E-19 5.130E-19
 5.731E-19 6.398E-19 7.140E-19 7.964E-19 8.877E-19 9.891E-19 1.101E-18 1.226E-18
 1.363E-18 1.515E-18 1.683E-18 1.869E-18 2.073E-18 2.299E-18 2.547E-18 2.820E-18
 3.119E-18 3.448E-18 3.808E-18 4.202E-18 4.633E-18 5.104E-18 5.618E-18 6.176E-18
 6.784E-18 7.444E-18 8.158E-18 8.931E-18 9.765E-18 1.066E-17 1.163E-17 1.267E-17
 1.377E-17 1.495E-17 1.621E-17 1.754E-17 1.894E-17 2.042E-17 2.196E-17 2.357E-17
 2.524E-17 2.695E-17 2.870E-17 3.046E-17 3.222E-17 3.396E-17 3.565E-17 3.724E-17
 3.871E-17 3.999E-17 4.104E-17 4.177E-17 4.210E-17 4.193E-17 4.112E-17 3.952E-17
 3.686E-17 3.279E-17 2.653E-17 1.508E-17
                                   Total (all groups):  9.752E-16 neutrons/sec-cm**3   .
                               Average Neutron Energy:  1.597E+00 MeV.
 

--------------------------------------------------------------------------------




 Total Neutron Spectrum
5.134E-21 
5.796E-21
6.578E-21 
7.458E-21 
8.387E-21 
9.520E-21 
1.072E-20 
2.013E-20
 5.407E-20 
9.084E-20 
1.304E-19 
1.758E-19 
2.225E-19 
2.708E-19 
3.201E-19 
4.066E-19
 6.096E-19 
5.997E-17 
2.661E-16 
4.782E-16 
6.917E-16 
9.037E-16 
1.115E-15 
1.322E-15
 1.523E-15 
1.985E-15 
3.120E-15 
4.275E-15 
5.426E-15 
6.559E-15 
7.575E-15 
8.416E-15
 9.853E-15 
1.235E-14 
1.484E-14 
1.734E-14 
1.991E-14 
2.329E-14 
2.656E-14 
3.008E-14
 3.354E-14 
4.094E-14 
6.852E-14 
9.899E-14 
1.284E-13 
1.579E-13 
1.879E-13 
2.177E-13
 2.468E-13 
2.845E-13 
3.495E-13 
4.162E-13 
4.679E-13 
5.067E-13 
5.584E-13 
6.196E-13
 7.028E-13 
8.031E-13 
9.267E-13 
1.031E-12 
1.115E-12 
1.216E-12 
1.346E-12 
1.482E-12
 1.600E-12 
1.695E-12 
1.800E-12 
1.896E-12 
1.983E-12 
2.060E-12 
2.160E-12 
2.271E-12
 2.453E-12 
2.782E-12 
3.182E-12 
3.642E-12 
4.214E-12 
4.835E-12 
5.387E-12 
5.811E-12
 5.984E-12 
5.983E-12 
6.080E-12 
6.692E-12 
7.231E-12 
7.656E-12 
8.024E-12 
8.324E-12
 7.730E-12 
6.727E-12 
5.842E-12 
4.996E-12 
4.258E-12 
5.635E-12 
6.516E-12 
4.531E-12
 2.195E-12 
1.759E-12 
1.252E-12 
6.633E-13
                                   Total (all groups):  1.691E-10 neutrons/sec-cm**3   .
                               Average Neutron Energy:  1.827E+00 MeV.
